200,0.05,0.01,5,10,2121.9172498195053,1915.2304875559669,2312.190550012818,0.905, 0.2852758000139147
200,0.05,0.01,5,20,1974.996471467816,1883.3708068033777,2085.9802068110466,0.905, 0.598629939975217
200,0.05,0.01,5,40,1864.0572305213984,1775.4874177058364,1958.7959804102036,0.905, 1.1094778600148856
200,0.05,0.01,5,80,1768.517295487304,1579.9286795833577,1901.0326482081994,0.905, 2.2138590399641545
200,0.05,0.01,10,10,1932.0740670485648,1825.9392161603248,2059.2752419185936,0.905, 0.6098162399604916
200,0.05,0.01,10,20,1798.9544026988267,1692.0537899214446,1871.4451773281864,0.905, 1.0744681200943886
200,0.05,0.01,10,40,1702.1999217737764,1558.6887709706482,1854.8479169566574,0.905, 2.28936085999012
200,0.05,0.01,10,80,1552.288420667924,1459.4823613262347,1644.0419535185465,0.905, 4.871988799981773
200,0.05,0.01,20,10,1835.5466237848984,1736.9908756527136,1987.2516929729306,0.905, 1.2576474600471557
200,0.05,0.01,20,20,1661.8374435137164,1561.159860039503,1752.3760253008134,0.905, 2.5448694599792363
200,0.05,0.01,20,40,1576.1589652396522,1495.4439916271494,1625.8037869443724,0.905, 5.220778679987416
200,0.05,0.01,20,80,1524.6120062490663,1340.1044904193059,1619.8309868806227,0.905, 10.089798940066249
200,0.05,0.01,40,10,1793.192516173717,1621.9559846261775,1897.1180508306575,0.905, 2.5594412200618537
200,0.05,0.01,40,20,1558.3169377018276,1413.5227752721667,1629.9442451318196,0.905, 5.0129758199676875
200,0.05,0.01,40,40,1495.3245210509087,1325.2956448722268,1711.1223702634215,0.905, 10.076399119989947
200,0.05,0.01,40,80,1473.3879723779576,1401.439031867315,1514.8624210215166,0.905, 20.7791966999881
200,0.05,0.2,5,10,1583.2080709404454,1460.278861926566,1670.5212796230983,0.905, 6.295670260023326
200,0.05,0.2,5,20,1525.7149902480298,1428.1067365500803,1565.276583379807,0.905, 12.22762327999808
200,0.05,0.2,5,40,1540.0315593586554,1470.6497947563455,1690.4406028752462,0.905, 23.31695305998437
200,0.05,0.2,5,80,1452.6055293794973,1231.323285434763,1597.6611656844732,0.905, 43.06539099994116
200,0.05,0.2,10,10,1487.6989647752507,1325.6462974432347,1621.929969068292,0.905, 7.983029819978401
200,0.05,0.2,10,20,1529.5420566177481,1351.751495473718,1684.0810077837675,0.905, 15.645104299951345
200,0.05,0.2,10,40,1538.0963287413706,1306.9571178126105,1803.348852906396,0.905, 31.173231540061533
200,0.05,0.2,10,80,1455.050360417587,1262.0166153202051,1622.2456036556428,0.905, 65.51482424000278
200,0.05,0.2,20,10,1445.7972315313568,1359.071363481957,1568.747178293158,0.905, 16.284112199954688
200,0.05,0.2,20,20,1467.117931749257,1299.2889794677471,1625.1479070660002,0.905, 30.831939220102505
200,0.05,0.2,20,40,1479.084737148626,1312.562482583102,1557.7248285699943,0.905, 63.24169749994762
200,0.05,0.2,20,80,1507.451661266213,1441.0172707448319,1662.8137801905118,0.905, 129.1373166200705
200,0.05,0.2,40,10,1556.810257877993,1486.4825699487799,1683.3109510899405,0.905, 32.80248775999062
200,0.05,0.2,40,20,1482.4598147664092,1307.9410509088852,1587.8186823552264,0.905, 109.44114086003974
200,0.05,0.2,40,40,1554.2948526349987,1416.289542324524,1715.006786436363,0.905, 221.89576238002627
200,0.05,0.2,40,80,1567.446758764835,1485.8300477353687,1627.5088476947205,0.905, 308.66053575999103
200,0.25,0.01,5,10,2134.0799676641627,2056.0168861351344,2192.788618103218,0.905, 0.23767213998362421
200,0.25,0.01,5,20,2129.041019111478,1980.53997695369,2284.0831180238947,0.905, 0.43267830000258983
200,0.25,0.01,5,40,1997.2321372737704,1904.2848001689447,2082.9123749022287,0.905, 0.8639242599252611
200,0.25,0.01,5,80,1815.9647644316617,1754.9929574151545,1933.4355528035874,0.905, 1.6661706000566483
200,0.25,0.01,10,10,2038.428565233246,1941.5248661609412,2084.7197971737537,0.905, 0.433173399977386
200,0.25,0.01,10,20,1865.7430348393998,1730.4706624743333,2048.86441836925,0.905, 0.8237419398967176
200,0.25,0.01,10,40,1792.7514649621603,1726.513808693381,1893.7513470869237,0.905, 1.7362653599586337
200,0.25,0.01,10,80,1647.0718687585036,1506.56275760956,1812.557188960641,0.905, 3.58378795995377
200,0.25,0.01,20,10,1961.401762810651,1903.475046609737,1997.992180824296,0.905, 0.7695007399655879
200,0.25,0.01,20,20,1697.2512618027654,1644.510391388053,1735.315791598197,0.905, 1.6164088000077754
200,0.25,0.01,20,40,1608.4501374591136,1495.5813212442047,1750.2564858701508,0.905, 3.0996439000125973
200,0.25,0.01,20,80,1537.5459130988208,1355.5000783022713,1617.4256808683272,0.905, 8.58991975998506
200,0.25,0.01,40,10,1732.492551218421,1603.3187627863713,1831.7953147538221,0.905, 2.2314019199926407
200,0.25,0.01,40,20,1578.9179767196547,1402.1508232602548,1765.482724006621,0.905, 3.796035699965432
200,0.25,0.01,40,40,1420.1231919066754,1231.1541103743784,1573.90695542709,0.905, 7.233534719888121
200,0.25,0.01,40,80,1518.4974030256806,1456.9818789004605,1576.0701783758745,0.905, 14.532067559938877
200,0.25,0.2,5,10,1585.3932131841455,1498.8599242463897,1733.652028754174,0.905, 3.9095899199601263
200,0.25,0.2,5,20,1557.9119521812397,1431.2561448453432,1756.939715868623,0.905, 8.331004999997095
200,0.25,0.2,5,40,1462.0132178338931,1357.2186231850364,1583.2323967738296,0.905, 18.614587919972838
200,0.25,0.2,5,80,1412.780789732634,1303.8243494025705,1592.6332066394673,0.905, 33.4837323600892
200,0.25,0.2,10,10,1514.85534873467,1373.9362374227187,1673.197738436613,0.905, 8.274401279911398
200,0.25,0.2,10,20,1541.1225808196384,1428.7761691448568,1658.663838191028,0.905, 15.755544639984146
200,0.25,0.2,10,40,1494.917073172618,1365.4670230822053,1621.3615837389477,0.905, 31.966700640087947
200,0.25,0.2,10,80,1407.2802478864226,1281.5781546134008,1571.2511534189173,0.905, 177.2758812799584
200,0.25,0.2,20,10,1483.7547172554728,1358.1616118769518,1576.6644464187452,0.905, 27.98962820000015
200,0.25,0.2,20,20,1492.4727548117285,1357.604937105018,1593.079742141023,0.905, 62.462177539989355
200,0.25,0.2,20,40,1451.6047853340292,1252.6087901606704,1648.7270995299011,0.905, 197.41874023997224
200,0.25,0.2,20,80,1430.9501915447104,1308.5761552421848,1600.820337354295,0.905, 394.565572179947
200,0.25,0.2,40,10,1457.264229609386,1292.1593065267236,1651.2095443258684,0.905, 38.782239680038764
200,0.25,0.2,40,20,1506.1668081413113,1437.8770612027815,1604.9561927564773,0.905, 64.82865847991779
200,0.25,0.2,40,40,1444.6541068516551,1338.2785031668404,1567.6932966595664,0.905, 134.3009097999893
200,0.25,0.2,40,80,1495.904900885178,1380.5362049409453,1591.4437969956198,0.905, 299.52172374003567
