160,0.05,0.01,5,10,931.5973483148557,863.6274344458095,969.6318892298826,0.8671875, 0.881474019959569
160,0.05,0.01,5,20,909.3884954746851,864.117516370883,1003.7347999927142,0.8372844827586207, 1.4299308999674394
160,0.05,0.01,5,40,822.3715292347018,775.3790963858644,861.5982883321356,0.9338942307692307, 3.1014089799951763
160,0.05,0.01,5,80,785.1565863959397,744.7155803218482,881.0761383121517,0.8993055555555556, 5.870580879994668
160,0.05,0.01,5,160,749.3018963817119,720.9723638907852,772.6510656184082,0.97125, 11.356202340009622
160,0.05,0.01,5,320,768.6284808144095,711.8500779566724,814.3593347813726,0.97125, 23.265710620046594
160,0.05,0.01,10,10,864.6042361397924,790.6944950267807,906.2267737811616,0.8993055555555556, 1.4322854799916969
160,0.05,0.01,10,20,831.2052410407275,742.8213978639601,885.4988700713823,0.8671875, 2.7334725600201635
160,0.05,0.01,10,40,757.731311775555,720.7270126382562,795.8550578959038,0.97125, 5.747644359967671
160,0.05,0.01,10,80,751.3326486165944,667.7713239360746,864.1617641282376,0.97125, 11.234973239991813
160,0.05,0.01,10,160,738.1493570341485,693.7233738999378,778.8594468054154,0.97125, 24.106718040001578
160,0.05,0.01,10,320,728.5491066825098,707.6514720354397,767.8550125055244,0.97125, 62.93838967999909
160,0.05,0.01,20,10,829.6801193759031,747.6395242424245,931.0451804158894,0.8993055555555556, 3.499890540027991
160,0.05,0.01,20,20,776.6732078769688,724.591076075224,842.8555592923024,0.8993055555555556, 6.102865200024098
160,0.05,0.01,20,40,709.4989864551331,647.3867344339297,783.4986687116702,0.97125, 18.792282899981366
160,0.05,0.01,20,80,715.2132468566633,613.5085076275435,787.1589175750698,0.97125, 57.896149520017204
160,0.05,0.01,20,160,730.4582340341866,702.9611335458095,762.2660450296469,0.9338942307692307, 82.22355386000126
160,0.05,0.01,20,320,750.7612900919661,712.7814801455665,850.5803382835711,0.9338942307692307, 153.36950098001398
160,0.05,0.01,40,10,777.6394845965012,727.6474335428725,867.652823628568,0.9338942307692307, 6.650207339995541
160,0.05,0.01,40,20,753.3349368797478,677.3524787459219,822.9201976784547,0.97125, 14.177445859997533
160,0.05,0.01,40,40,740.6674141688802,667.4516411153495,790.0185230303005,0.9338942307692307, 25.395649740006775
160,0.05,0.01,40,80,731.981267717432,709.4478923162453,763.5669375575775,0.97125, 46.466974819963795
160,0.05,0.01,40,160,781.9409275645013,722.1079405459186,857.6316946935424,0.97125, 95.22708188001998
160,0.05,0.01,40,320,712.8244067305843,666.6123848465741,775.497431284274,0.97125, 256.67507683997974
160,0.05,0.01,80,10,745.5038635958116,675.3831282209713,799.019878050347,0.97125, 7.722111140005291
160,0.05,0.01,80,20,727.3224337157739,692.4832566656257,799.0438940699631,0.97125, 15.129888900020159
160,0.05,0.01,80,40,729.7937758384899,649.7088707339731,777.9932535269103,0.97125, 29.83683400002774
160,0.05,0.01,80,80,741.7040225024006,632.7695390623153,805.4709874359205,0.9338942307692307, 60.89866784000769
160,0.05,0.01,80,160,712.0369436249462,613.8276940549235,768.6513166200518,0.97125, 122.03968739998527
160,0.05,0.01,80,320,771.8734002102976,694.7732231903406,856.7417092479459,0.97125, 249.4889285000041
160,0.05,0.01,160,10,730.2210591549422,661.7466715216378,769.7234380127211,0.9338942307692307, 14.612371299997903
160,0.05,0.01,160,20,769.2123283795726,687.8481359239244,825.3978525334346,0.97125, 29.719790159980768
160,0.05,0.01,160,40,714.633090628224,656.2279540121316,772.4935646215691,0.97125, 64.20416513998062
160,0.05,0.01,160,80,677.3065127155754,628.5969596809897,765.9983283357519,0.97125, 121.33796622005757
160,0.05,0.01,160,160,717.6790652852221,652.6430865448997,771.8834792550152,0.97125, 476.0812407400226
160,0.05,0.01,160,320,722.7536813047062,592.6077892399566,785.9811957698166,0.97125, 1057.604257059982
160,0.05,0.2,5,10,723.9202827063391,661.9746467633511,794.0984860063718,0.8993055555555556, 9.437346139992588
160,0.05,0.2,5,20,718.6102706400096,617.2775468217357,792.341119493907,0.97125, 16.31529042001348
160,0.05,0.2,5,40,728.0157559834646,710.4412619677718,761.0907749673436,0.97125, 34.45741749999579
160,0.05,0.2,5,80,687.2611309814802,655.2842676248492,731.0028126466669,0.97125, 74.42098245997913
160,0.05,0.2,5,160,708.0869455525046,589.4369626250605,752.6622659514211,0.97125, 145.6386373599991
160,0.05,0.2,5,320,740.0212858465281,658.0347379167683,801.9117220640576,0.97125, 296.32068727998995
160,0.05,0.2,10,10,720.2156959113826,693.7577920812355,749.6947251306206,0.9338942307692307, 18.070675479969943
160,0.05,0.2,10,20,721.4881496552123,683.4171062618578,770.9698605340154,0.97125, 35.367879140027796
160,0.05,0.2,10,40,744.2440936065583,680.2436070123213,782.4919562833209,0.9338942307692307, 76.91895188000053
160,0.05,0.2,10,80,726.6434842748722,682.8657295552305,780.2916211269661,0.97125, 144.46053937997203
160,0.05,0.2,10,160,711.7798553628384,651.0406339007102,830.1651782489168,0.97125, 434.0918368600076
160,0.05,0.2,10,320,746.6826843312958,684.8562535184469,855.9677881490181,0.97125, 1008.8796265600249
160,0.05,0.2,20,10,725.2768550646933,706.5892569775414,742.7329916559572,0.97125, 37.70007289994974
160,0.05,0.2,20,20,734.9551730814968,669.4374482366723,778.4280876017,0.9338942307692307, 72.3798649400007
160,0.05,0.2,20,40,722.8153372565354,683.4583747184697,780.5673345450925,0.9338942307692307, 150.9167786399834
160,0.05,0.2,20,80,725.1351601596398,678.5612310398443,820.7913128660009,0.9338942307692307, 617.6526697400026
160,0.05,0.2,20,160,768.8128940199133,716.8951765907152,870.2022688061787,0.9338942307692307, 924.7197905400069
160,0.05,0.2,20,320,760.2924499015802,709.7947323144939,843.3447794880531,0.97125, 2037.9018926199992
160,0.05,0.2,40,10,733.8410960776356,676.4409039709765,878.9168664428679,0.97125, 102.99175656000152
160,0.05,0.2,40,20,713.508554402775,637.7659011593175,755.6304504656947,0.8993055555555556, 206.26845316002147
160,0.05,0.2,40,40,734.5101604813128,636.8177907751109,801.9484284999938,0.97125, 405.61044364001134
160,0.05,0.2,40,80,700.5122445494108,653.951834342175,722.7161559928775,0.97125, 787.5096870600013
160,0.25,0.01,5,10,937.0846109987291,818.4062642034461,1034.232223048321,0.8993055555555556, 0.935843599983491
160,0.25,0.01,5,20,884.7254807236171,843.2702586726126,903.5770961732682,0.97125, 1.474617339996621
160,0.25,0.01,5,40,900.2787069945729,865.331824430707,978.2775361084888,0.8671875, 4.2476238999981435
160,0.25,0.01,5,80,840.3122477823215,741.8947447278408,943.631248361415,0.9338942307692307, 6.72766427998431
160,0.25,0.01,10,10,894.3830328126351,876.3979383345709,914.9752633517583,0.9338942307692307, 1.4237944199936465
160,0.25,0.01,10,20,846.9729410455078,752.6827534047628,924.6280305381198,0.8993055555555556, 2.6774528600042684
160,0.25,0.01,10,40,790.5883242183862,752.9437696878214,821.2615240283109,0.9338942307692307, 5.429425560031087
160,0.25,0.01,10,80,744.0604846704168,716.065958787817,788.4110819554265,0.97125, 10.771274759969675
160,0.25,0.01,20,10,851.0206342995403,819.6007265125688,888.2290695529847,0.97125, 3.2580417399993165
160,0.25,0.01,20,20,821.2843988286464,767.618541603246,857.7384377645345,0.9338942307692307, 6.091169680003077
160,0.25,0.01,20,40,787.3536594410394,759.646810442022,805.8792113801235,0.9338942307692307, 11.931427839957177
160,0.25,0.01,20,80,732.0470882134471,672.441069726168,771.6722676948323,0.97125, 22.313589739939196
160,0.25,0.01,40,10,776.0932139310345,728.6372116500339,825.4301785590393,0.9338942307692307, 5.1450706799980255
160,0.25,0.01,40,20,710.728173347203,649.9523183994335,796.2181806721704,0.9338942307692307, 10.899891999992542
160,0.25,0.01,40,40,785.6540045304434,707.273334499753,867.9723398966778,0.9338942307692307, 21.933952760021203
160,0.25,0.01,40,80,753.2492747701932,735.5467912512316,774.3045846680268,0.9338942307692307, 45.887633459991775
160,0.25,0.2,5,10,733.8815578527159,666.4610125918101,803.230720819526,0.97125, 15.073273780010641
160,0.25,0.2,5,20,718.0973068661024,686.7201789829617,746.0084568381312,0.9338942307692307, 28.990071739954875
160,0.25,0.2,5,40,741.2396558513095,671.4481782669486,790.3408875325256,0.97125, 39.76093860000837
160,0.25,0.2,5,80,692.7377593210124,645.4294389712892,755.9950367548508,0.9338942307692307, 72.89350980001036
160,0.25,0.2,10,10,728.1378090641314,664.8188894510415,774.0755026862355,0.97125, 17.267629899992606
160,0.25,0.2,10,20,754.0084260442561,684.9718459179226,857.8188849742673,0.97125, 33.82062341999263
160,0.25,0.2,10,40,762.5835826664057,737.6433381894258,801.6772917798164,0.97125, 65.74849879997782
160,0.25,0.2,10,80,713.8377228679509,670.1805640212962,752.5520473791227,0.9338942307692307, 136.41933713997713
160,0.25,0.2,20,10,730.7594352736414,705.969382905034,779.5200636441833,0.9338942307692307, 32.109385079983625
160,0.25,0.2,20,20,720.4617289271794,657.7636968719194,813.8209132810024,0.97125, 64.50638520000503
160,0.25,0.2,20,40,742.5367925897348,681.8214598581662,787.6849382178807,0.97125, 130.84407257998828
160,0.25,0.2,20,80,770.2167018422739,716.7197373916731,807.8722223971827,0.9338942307692307, 414.9501327199629
160,0.25,0.2,40,10,701.0468191064949,610.2689249172537,808.0052300900198,0.97125, 117.03485093999188
160,0.25,0.2,40,20,722.1911869231812,701.0934011027643,745.2492657890264,0.97125, 226.54501992000732
160,0.25,0.2,40,40,741.9970747621219,676.6000649432649,808.0054044484984,0.9338942307692307, 346.0243473400129
160,0.25,0.2,40,80,733.9885428483472,626.7767331028385,829.2550074599721,0.97125, 509.4503181199776
